0
  in:  110000000001111111111111111111 111111111111111111111111111101 100000000111111111111111111111 111111111111111111111111111011 000000010111111111111111111111 111111111111111111111111110110
  out: 111111111111111111000111100000 010010011010000000000111111111 111111111111111110010000001000 100101100000000000001111111111 111111111111111100011110000001 001000000000000011011111111111
  clk: 000000000000000000000000000000 000000000000000000000000000000 000000000000000000000000000000 000000000000000000000000000000 000000000000000000000000000000 000000000000000000000000000000
540
  in:  000000111111111111111111111111 111111111111111111111111101100 000010011111111111111111111111 111111111111111111111111011000 000101111111111111111111111111 111111111111111111111110110000
  out: 111111111111111000110101001010 011110010001100011111111111111 111111111111110010000001000100 110000000000000001111111111111 111111111111100011110000001000 101001000000010011111111111111
  clk: 000000000000000000000000000000 000000000000000000000000000000 000000000000000000000000000000 000000000000000000000000000000 000000000000000000000000000000 000000000000000000000000000000
1080
  in:  001101111111111111111111111111 111111111111111111111101100000 011111111111111111111111111111 111111111111111111111111101100 000100011111111111111111111111 111111111111111111111111011000
  out: 111111111111010001101000010000 000000000010000111111111111111 111111111110001100010000100000 000000000000011111111111111111 111111111111110010100010000000 011111111111111011111111111111
  clk: 000000000000000000000000000000 000000000000000000000000000000 000000000000000000000000000000 000000000000000000000000000000 000000000000000000000000000000 000000000000000000000000000000
1620
  in:  001010111111111111111111111111 111111111111111111111110110000 010111111111111111111111111111 111111111111111111111110110000 011001111111111111111111111111 111111111111111111111101100000
  out: 111111111111100010010000001000 000000000000101011111111111111 111111111111000111100000000011 010010000000100111111111111111 111111111111010101100001010000 000000000010000111111111111111
  clk: 000000000000000000000000000000 000000000000000000000000000000 000000000000000000000000000000 000000000000000000000000000000 000000000000000000000000000000 000000000000000000000000000000
2160
  in:  110111111111111111111111111111 111111111111111111111011000001 110111111111111111111111111111 111111111111111111111011000001 111111111111111111111111111111 111111111111111111111111011000
  out: 111111111110001111000000100010 100100000001001111111111111111 111111111101000110100001000000 000000001100011111111111111111 111111111100011000100001000000 000000000000111111111111111111
  clk: 000000000000000000000000000000 000000000000000000000000000000 000000000000000000000000000000 000000000000000000000000000000 000000000000000000000000000000 000000000000000000000000000000
2700
  in:  010000111111111111111111111111 111111111111111111111110110000 100101111111111111111111111111 111111111111111111111101100001 001111111111111111111111111111 111111111111111111111011000010
  out: 111111111111100101010100000000 111111111111110111111111111111 111111111111000100100000010000 000000000000011111111111111111 111111111110001111000000000110 100100011000001111111111111111
  clk: 000000000000000000000000000000 000000000000000000000000000000 000000000000000000000000000000 000000000000000000000000000000 000000000000000000000000000000 000000000000000000000000000000
3240
  in:  100111111111111111111111111111 111111111111111111110110000101 011111111111111111111111111111 111111111111111111101100001011 011111111111111111111111111111 111111111111111111101100001011
  out: 111111111101010110000101000000 000000001000011111111111111111 111111111000100100000010000000 001111111111111111111111111111 111111110001111000000000110100 100010000001111111111111111111
  clk: 000000000000000000000000000000 000000000000000000000000000000 000000000000000000000000000000 000000000000000000000000000000 000000000000000000000000000000 000000000000000000000000000000
3780
  in:  111111111111111111111111111111 111111111111111111011000011000 111111111111111111111111111111 111111111111111110110000110011 111111111111111111111111111111 111111111111111110110000110101
  out: 111111110101011000010100000000 000000011001111111111111111111 111111100011110000000001101001 000100000011111111111111111111 111111010101100001000000000000 000100100111111111111111111111
  clk: 000000000000000000000000000000 000000000000000000000000000000 000000000000000000000000000000 000000000000000000000000000000 000000000000000000000000000000 000000000000000000000000000000
4320
  in:  111111111111111111111111111111 111111111111111101100001101111 111111111111111111111111111111 111111111111111101100001110011 111111111111111111111111111111 111111111111111011000011101111
  out: 111111000111100000000011010010 001000000111111111111111111111 111110101011000010000000000000 000100001111111111111111111111 111110001111000000000110100100 010100001111111111111111111111
  clk: 000000000000000000000000000000 000000000000000000000000000000 000000000000000000000000000000 000000000000000000000000000000 000000000000000000000000000000 000000000000000000000000000000
4860
  in:  111111111111111111111111111111 111111111111111011000011110111 111111111111111111111111111111 111111111111110110000111111111 111111111111111111111111111111 111111111111110110001000001111
  out: 111101010110000100000000000000 000000011111111111111111111111 111100011110000000001101001000 101000011111111111111111111111 111010101100001000000000000000 000100111111111111111111111111
  clk: 000000000000000000000000000000 000000000000000000000000000000 000000000000000000000000000000 000000000000000000000000000000 000000000000000000000000000000 000000000000000000000000000000

5400
  in:  111111111111111111111111111111 111111111111101100010000111111 111111111111111111111111111111 111111111111101100010001011111 111111111111111111111111111111 111111111111111101100010001111
  out: 111000111100000010001010010000 000100111111111111111111111111 110100011010000100000000000000 100001111111111111111111111111 110001100010000100000000000000 001001111111111111111111111111
  clk: 000000000000000000000000000000 000000000000000000000000000000 000000000000000000000000000000 000000000000000000000000000000 000000000000000000000000000000 000000000000000000000000000000
5940
  in:  111111111111111111111111111111 111111111111111011000100101111 111111111111111111111111111111 111111111111110110001001101111 111111111111111111111111111111 111111111111101100010011111111
  out: 111110010101010000000011111111 111111011111111111111111111111 111100011110000001011101001000 000000011111111111111111111111 111000111100000011001011111111 000000111111111111111111111111
  clk: 000000000000000000000000000000 000000000000000000000000000000 000000000000000000000000000000 000000000000000000000000000000 000000000000000000000000000000 000000000000000000000000000000
6480
  in:  111111111111111111111111111111 111111111111011000101000111111 111111111111111111111111111111 111111111110110001010011111111 111111111111111111111111111111 111111111101100010101011111111
  out: 110001111000000110110111111110 000001111111111111111111111111 100010010101101011000100000000 000011111111111111111111111111 000100101100011000000000011010 100111111111111111111111111110
  clk: 000000000000000000000000000000 000000000000000000000000000000 000000000000000000000000000000 000000000000000000000000000000 000000000000000000000000000000 000000000000000000000000000000
7020
  in:  111111111111111111111111111111 111111111011000101011111111111 111111111111111111111111111111 111111110110001011001111111111 111111111111111111111111111111 111111101100011010111111111111
  out: 001001011010110100000111000111 001111111111111111111111111101 000110110001001000000000000000 011111111111111111111111111000 100101100011000000000000000100 111111111111111111111111110001
  clk: 000000000000000000000000000000 000000000000000000000000000000 000000000000000000000000000000 000000000000000000000000000000 000000000000000000000000000000 000000000000000000000000000000
7560
  in:  111111111111111111111111111111 111111011000101101111111111111 111111111111111111111111111111 111110110001011101111111111111 111111111111111111111111111111 111101100010111111111111111111
  out: 111000000110110111111110000001 111111111111111111111111100010 010101101011000000000000010011 111111111111111111111111000010 101100011011111111111111100111 111111111111111111111110101011
  clk: 000000000000000000000000000000 000000000000000000000000000000 000000000000000000000000000000 000000000000000000000000000000 000000000000000000000000000000 000000000000000000000000000000
8100
  in:  111111111111111111111111111111 111011000101011111111111111111 111111111111111111111111111111 110110001011001111111111111111 111111111111111111111111111111 110110001101101111111111111111
  out: 010110100111111111111111001111 111111111111111111111101000110 110001001000000000000000011111 111111111111111111111000100101 100011000000000000000100111111 111111111111111111111010001101
  clk: 000000000000000000000000000000 000000000000000000000000000000 000000000000000000000000000000 000000000000000000000000000000 000000000000000000000000000000 000000000000000000000000000000
8640
  in:  111111111111111111111111111111 101100010110111111111111111111 111111111111111111111111111111 011000101110111111111111111111 111111111111111111111111111110 110001011111111111111111111111
  out: 101010000000011111111100111111 111111111111111111110001001010 110101100000000000001001111111 111111111111111111100001010110 001101111111111111110011111111 111111111111111111010101101011
  clk: 000000000000000000000000000000 000000000000000000000000000000 000000000000000000000000000000 000000000000000000000000000000 000000000000000000000000000000 000000000000000000000000000000
9180
  in:  111111111111111111111111111101 100010101111111111111111111111 111111111111111111111111111011 000101100111111111111111111111 111111111111111111111111111011 000110111111111111111111111111
  out: 010011111111111111100111111111 111111111111111110100011011000 100100000000000000001111111111 111111111111111100010010110001 100000000000000010011111111111 111111111111111100010010110101
  clk: 000000000000000000000000000000 000000000000000000000000000000 000000000000000000000000000000 000000000000000000000000000000 000000000000000000000000000000 000000000000000000000000000000
9720
  in:  111111111111111111111111110110 001011011111111111111111111111 111111111111111111111111101100 010111011111111111111111111111 111111111111111111111111011000 101111111111111111111111111111
  out: 101000001111100000011111111111 111111111111111000100101011010 110000000000000100111111111111 111111111111110000101011000110 111111111111111001111111111111 111111111111101010110101101001
  clk: 000000000000000000000000000000 000000000000000000000000000000 000000000000000000000000000000 000000000000000000000000000000 000000000000000000000000000000 000000000000000000000000000000
10260
  in:  111111111111111111111110110001 010111111111111111111111111111 111111111111111111111101100010 110011111111111111111111111111 111111111111111111111101100011 100011111111111111111111111111
  out: 111111111111110011111111111111 111111111111010001101100010010 000000000000000111111111111111 111111111110001001011000110000 000000000001001111111111111111 111111111110001100010000100000
  clk: 000000000000000000000000000000 000000000000000000000000000000 000000000000000000000000000000 000000000000000000000000000000 000000000000000000000000000000 000000000000000000000000000000

10800
  in:  111111111111111111111011000101 101111111111111111111111111111 111111111111111111110110001011 101111111111111111111111111111 111111111111111111101100010111 111111111111111111111111111111
  out: 000000100000001111111111111111 111111111100010010101101011000 000000000010011111111111111111 111111111000010101100011011111 111111111100111111111111111111 111111110101011010110100111111
  clk: 000000000000000000000000000000 000000000000000000000000000000 000000000000000000000000000000 000000000000000000000000000000 000000000000000000000000000000 000000000000000000000000000000
11340
  in:  111111111111111111011000101011 111111111111111111111111111111 111111111111111110110001011001 111111111111111111111111111111 111111111111111110110001110011 111111111111111111111111111111
  out: 111111111001111111111111111111 111111101000110110001001000000 000000000011111111111111111111 111111000100101100011000000000 000000100111111111111111111111 111111001010101000000001111111
  clk: 000000000000000000000000000000 000000000000000000000000000000 000000000000000000000000000000 000000000000000000000000000000 000000000000000000000000000000 000000000000000000000000000000
11880
  in:  111111111111111101100010110111 111111111111111111111111111111 111111111111111011000101110111 111111111111111111111111111111 111111111111110110001011111111 111111111111111111111111111111
  out: 111111100111111111111111111111 111110001001010110101100000000 000001001111111111111111111111 111100001010110001101111111111 111110011111111111111111111111 111010101101011010011111111111
  clk: 000000000000000000000000000000 000000000000000000000000000000 000000000000000000000000000000 000000000000000000000000000000 000000000000000000000000000000 000000000000000000000000000000
12420
  in:  111111111111101100010101111111 111111111111111111111111111111 111111111111011000101100111111 111111111111111111111111111111 111111111111011000111010111111 111111111111111111111111111111
  out: 111100111111111111111111111111 110100011011000100100000000000 000001111111111111111111111111 100010010110001100000000000000 010011111111111111111111111111 100011110000001101101111111100
  clk: 000000000000000000000000000000 000000000000000000000000000000 000000000000000000000000000000 000000000000000000000000000000 000000000000000000000000000000 000000000000000000000000000000
12960
  in:  111111111110110001011011111111 111111111111111111111111111111 111111111101100010111011111111 111111111111111111111111111111 111111111011000101111111111111 111111111111111111111111111111
  out: 000011111111111111111111111111 000100101011010110000000000000 100111111111111111111111111110 000101011000110111111111111111 001111111111111111111111111101 010110101101001111111111111110
  clk: 000000000000000000000000000000 000000000000000000000000000000 000000000000000000000000000000 000000000000000000000000000000 000000000000000000000000000000 000000000000000000000000000000
13500
  in:  111111110110001010111111111111 111111111111111111111111111111 111111101100010110011111111111 111111111111111111111111111111 111111101100011101111111111111 111111111111111111111111111111
  out: 011111111111111111111111111010 001101100010010000000000000000 111111111111111111111111110001 001011000110000000000000001001 111111111111111111111111110100 011011010100000000000001001001
  clk: 000000000000000000000000000000 000000000000000000000000000000 000000000000000000000000000000 000000000000000000000000000000 000000000000000000000000000000 000000000000000000000000000000
14040
  in:  111111011000101101111111111111 111111111111111111111111111111 111110110001011101111111111111 111111111111111111111111111111 111101100010111111111111111111 111111111111111111111111111111
  out: 111111111111111111111111100010 010101101011000000000000010011 111111111111111111111111000010 101100011011111111111111100111 111111111111111111111110101011 010110100111111111111111001111
  clk: 000000000000000000000000000000 000000000000000000000000000000 000000000000000000000000000000 000000000000000000000000000000 000000000000000000000000000000 000000000000000000000000000000
14580
  in:  111011000101011111111111111111 111111111111111111111111111111 110110001011001111111111111111 111111111111111111111111111111 110110001111001111111111111111 111111111111111111111111111111
  out: 111111111111111111111101000110 110001001000000000000000011111 111111111111111111111000100101 100011000000000000000100111111 111111111111111111111000111100 000010111011000000000000111111
  clk: 000000000000000000000000000000 000000000000000000000000000000 000000000000000000000000000000 000000000000000000000000000000 000000000000000000000000000000 000000000000000000000000000000
15120
  in:  101100010110111111111111111111 111111111111111111111111111111 011000101110111111111111111111 111111111111111111111111111110 110001011111111111111111111111 111111111111111111111111111101
  out: 111111111111111111110001001010 110101100000000000001001111111 111111111111111111100001010110 001101111111111111110011111111 111111111111111111010101101011 010011111111111111100111111111
  clk: 000000000000000000000000000000 000000000000000000000000000000 000000000000000000000000000000 000000000000000000000000000000 000000000000000000000000000000 000000000000000000000000000000
15660
  in:  100010101111111111111111111111 111111111111111111111111111011 000101100111111111111111111111 111111111111111111111111111011 000111101111111111111111111111 111111111111111111111111110110
  out: 111111111111111110100011011000 100100000000000000001111111111 111111111111111100010010110001 100000000000000010011111111111 111111111111111100000000000001 000100111001100001011111111111
  clk: 000000000000000000000000000000 000000000000000000000000000000 000000000000000000000000000000 000000000000000000000000000000 000000000000000000000000000000 000000000000000000000000000000

16200
  in:  001011011111111111111111111111 111111111111111111111111101100 010111011111111111111111111111 111111111111111111111111011000 101111111111111111111111111111 111111111111111111111110110001
  out: 111111111111111000100101011010 110000000000000100111111111111 111111111111110000101011000110 111111111111111001111111111111 111111111111101010110101101001 111111111111110011111111111111
  clk: 000000000000000000000000000000 000000000000000000000000000000 000000000000000000000000000000 000000000000000000000000000000 000000000000000000000000000000 000000000000000000000000000000
16740
  in:  010111111111111111111111111111 111111111111111111111101100010 110011111111111111111111111111 111111111111111111111101100011 111011111111111111111111111111 111111111111111111111011000101
  out: 111111111111010001101100010010 000000000000000111111111111111 111111111110001001011000110000 000000000001001111111111111111 111111111110001100100111001100 000000000000011111111111111111
  clk: 000000000000000000000000000000 000000000000000000000000000000 000000000000000000000000000000 000000000000000000000000000000 000000000000000000000000000000 000000000000000000000000000000
17280
  in:  101111111111111111111111111111 111111111111111111110110001011 101111111111111111111111111111 111111111111111111101100010111 111111111111111111111111111111 111111111111111111011000101011
  out: 111111111100010010101101011000 000000000010011111111111111111 111111111000010101100011011111 111111111100111111111111111111 111111110101011010110100111111 111111111001111111111111111111
  clk: 000000000000000000000000000000 000000000000000000000000000000 000000000000000000000000000000 000000000000000000000000000000 000000000000000000000000000000 000000000000000000000000000000
17820
  in:  111111111111111111111111111111 111111111111111110110001011001 111111111111111111111111111111 111111111111111110110001111111 111111111111111111111111111111 111111111111111101100010110111
  out: 111111101000110110001001000000 000000000011111111111111111111 111111000100101100011000000000 000000100111111111111111111111 111111000000000000010001011110 010000010111111111111111111111
  clk: 000000000000000000000000000000 000000000000000000000000000000 000000000000000000000000000000 000000000000000000000000000000 000000000000000000000000000000 000000000000000000000000000000
18360
  in:  111111111111111111111111111111 111111111111111011000101110111 111111111111111111111111111111 111111111111110110001011111111 111111111111111111111111111111 111111111111101100010101111111
  out: 111110001001010110101100000000 000001001111111111111111111111 111100001010110001101111111111 111110011111111111111111111111 111010101101011010011111111111 111100111111111111111111111111
  clk: 000000000000000000000000000000 000000000000000000000000000000 000000000000000000000000000000 000000000000000000000000000000 000000000000000000000000000000 000000000000000000000000000000
18900
  in:  111111111111111111111111111111 111111111111011000101100111111 111111111111111111111111111111 111111111111011001000000111111 111111111111111111111111111111 111111111110110001011011111111
  out: 110100011011000100100000000000 000001111111111111111111111111 100010010110001100000000000000 010011111111111111111111111111 100001001001100000000000000000 001011111111111111111111111111
  clk: 000000000000000000000000000000 000000000000000000000000000000 000000000000000000000000000000 000000000000000000000000000000 000000000000000000000000000000 000000000000000000000000000000
19440
  in:  111111111111111111111111111111 111111111101100010111011111111 111111111111111111111111111111 111111111011000101111111111111 111111111111111111111111111111 111111110110001010111111111111
  out: 000100101011010110000000000000 100111111111111111111111111110 000101011000110111111111111111 001111111111111111111111111101 010110101101001111111111111110 011111111111111111111111111010
  clk: 000000000000000000000000000000 000000000000000000000000000000 000000000000000000000000000000 000000000000000000000000000000 000000000000000000000000000000 000000000000000000000000000000
19980
  in:  111111111111111111111111111111 111111101100010110011111111111 111111111111111111111111111111 111111101100100000111111111111 111111111111111111111111111111 111111011000101101111111111111
  out: 001101100010010000000000000000 111111111111111111111111110001 001011000110000000000000001001 111111111111111111111111110001 100101111011100000000000000011 111111111111111111111111100010
  clk: 000000000000000000000000000000 000000000000000000000000000000 000000000000000000000000000000 000000000000000000000000000000 000000000000000000000000000000 000000000000000000000000000000
20520
  in:  111111111111111111111111111111 111110110001011101111111111111 111111111111111111111111111111 111101100010111111111111111111 111111111111111111111111111111 111011000101011111111111111111
  out: 010101101011000000000000010011 111111111111111111111111000010 101100011011111111111111100111 111111111111111111111110101011 010110100111111111111111001111 111111111111111111111101000110
  clk: 000000000000000000000000000000 000000000000000000000000000000 000000000000000000000000000000 000000000000000000000000000000 000000000000000000000000000000 000000000000000000000000000000
21060
  in:  111111111111111111111111111111 110110001011001111111111111111 111111111111111111111111111111 110110010000101111111111111111 111111111111111111111111111111 101100010110111111111111111111
  out: 110001001000000000000000011111 111111111111111111111000100101 100011000000000000000100111111 111111111111111111111000111100 000010111010011000000000111111 111111111111111111110001001010
  clk: 000000000000000000000000000000 000000000000000000000000000000 000000000000000000000000000000 000000000000000000000000000000 000000000000000000000000000000 000000000000000000000000000000

21600
  in:  111111111111111111111111111111 011000101110111111111111111111 111111111111111111111111111110 110001011111111111111111111111 111111111111111111111111111101 100010101111111111111111111111
  out: 110101100000000000001001111111 111111111111111111100001010110 001101111111111111110011111111 111111111111111111010101101011 010011111111111111100111111111 111111111111111110100011011000
  clk: 000000000000000000000000000000 000000000000000000000000000000 000000000000000000000000000000 000000000000000000000000000000 000000000000000000000000000000 000000000000000000000000000000
22140
  in:  111111111111111111111111111011 000101100111111111111111111111 111111111111111111111111111011 001000011111111111111111111111 111111111111111111111111110110 001011011111111111111111111111
  out: 100100000000000000001111111111 111111111111111100010010110001 100000000000000010011111111111 111111111111111100000000000001 000101100100000001011111111111 111111111111111000100101011010
  clk: 000000000000000000000000000000 000000000000000000000000000000 000000000000000000000000000000 000000000000000000000000000000 000000000000000000000000000000 000000000000000000000000000000
22680
  in:  111111111111111111111111101100 010111011111111111111111111111 111111111111111111111111011000 101111111111111111111111111111 111111111111111111111110110001 010111111111111111111111111111
  out: 110000000000000100111111111111 111111111111110000101011000110 111111111111111001111111111111 111111111111101010110101101001 111111111111110011111111111111 111111111111010001101100010010
  clk: 000000000000000000000000000000 000000000000000000000000000000 000000000000000000000000000000 000000000000000000000000000000 000000000000000000000000000000 000000000000000000000000000000
23220
  in:  111111111111111111111101100010 110011111111111111111111111111 111111111111111111111101100100 010011111111111111111111111111 111111111111111111111011000101 101111111111111111111111111111
  out: 000000000000000111111111111111 111111111110001001011000110000 000000000001001111111111111111 111111111110001100010000101000 000000111111111111111111111111 111111111100010010101101011000
  clk: 000000000000000000000000000000 000000000000000000000000000000 000000000000000000000000000000 000000000000000000000000000000 000000000000000000000000000000 000000000000000000000000000000
23760
  in:  111111111111111111110110001011 101111111111111111111111111111 111111111111111111101100010111 111111111111111111111111111111 111111111111111111011000101011 111111111111111111111111111111
  out: 000000000010011111111111111111 111111111000010101100011011111 111111111100111111111111111111 111111110101011010110100111111 111111111001111111111111111111 111111101000110110001001000000
  clk: 000000000000000000000000000000 000000000000000000000000000000 000000000000000000000000000000 000000000000000000000000000000 000000000000000000000000000000 000000000000000000000000000000
24300
  in:  111111111111111110110001011001 111111111111111111111111111111 111111111111111110110010001011 111111111111111111111111111111 111111111111111101100010110111 111111111111111111111111111111
  out: 000000000011111111111111111111 111111000100101100011000000000 000000100111111111111111111111 111111000000000000010001010110 001000010111111111111111111111 111110001001010110101100000000
  clk: 000000000000000000000000000000 000000000000000000000000000000 000000000000000000000000000000 000000000000000000000000000000 000000000000000000000000000000 000000000000000000000000000000
24840
  in:  111111111111111011000101110111 111111111111111111111111111111 111111111111110110001011111111 111111111111111111111111111111 111111111111101100010101111111 111111111111111111111111111111
  out: 000001001111111111111111111111 111100001010110001101111111111 111110011111111111111111111111 111010101101011010011111111111 111100111111111111111111111111 110100011011000100100000000000
  clk: 000000000000000000000000000000 000000000000000000000000000000 000000000000000000000000000000 000000000000000000000000000000 000000000000000000000000000000 000000000000000000000000000000
25380
  in:  111111111111011000101100111111 111111111111111111111111111111 111111111111011001000110111111 111111111111111111111111111111 111111111110110001011011111111 111111111111111111111111111111
  out: 000001111111111111111111111111 100010010110001100000000000000 010011111111111111111111111111 101000110110101000000000000011 110011111111111111111111111111 000100101011010110000000000000
  clk: 000000000000000000000000000000 000000000000000000000000000000 000000000000000000000000000000 000000000000000000000000000000 000000000000000000000000000000 000000000000000000000000000000
25920
  in:  111111111101100010111011111111 111111111111111111111111111111 111111111011000101111111111111 111111111111111111111111111111 111111110110001010111111111111 111111111111111111111111111111
  out: 100111111111111111111111111110 000101011000110111111111111111 001111111111111111111111111101 010110101101001111111111111110 011111111111111111111111111010 001101100010010000000000000000
  clk: 000000000000000000000000000000 000000000000000000000000000000 000000000000000000000000000000 000000000000000000000000000000 000000000000000000000000000000 000000000000000000000000000000
26460
  in:  111111101100010110011111111111 111111111111111111111111111111 111111101100100011111111111111 111111111111111111111111111111 111111011000101101111111111111 111111111111111111111111111111
  out: 111111111111111111111111110001 001011000110000000000000001001 111111111111111111111111110001 001000000100100000000000100001 111111111111111111111111100010 010101101011000000000000010011
  clk: 000000000000000000000000000000 000000000000000000000000000000 000000000000000000000000000000 000000000000000000000000000000 000000000000000000000000000000 000000000000000000000000000000

27000
  in:  111110110001011101111111111111 111111111111111111111111111111 111101100010111111111111111111 111111111111111111111111111111 111011000101011111111111111111 111111111111111111111111111111
  out: 111111111111111111111111000010 101100011011111111111111100111 111111111111111111111110101011 010110100111111111111111001111 111111111111111111111101000110 110001001000000000000000011111
  clk: 000000000000000000000000000000 000000000000000000000000000000 000000000000000000000000000000 000000000000000000000000000000 000000000000000000000000000000 000000000000000000000000000000
27540
  in:  110110001011001111111111111111 111111111111111111111111111111 110110010010001111111111111111 111111111111111111111111111111 101100010110111111111111111111 111111111111111111111111111111
  out: 111111111111111111111000100101 100011000000000000000100111111 111111111111111111111000110010 110101100000000011111111111111 111111111111111111110001001010 110101100000000000001001111111
  clk: 000000000000000000000000000000 000000000000000000000000000000 000000000000000000000000000000 000000000000000000000000000000 000000000000000000000000000000 000000000000000000000000000000
28080
  in:  011000101110111111111111111111 111111111111111111111111111110 110001011111111111111111111111 111111111111111111111111111101 100010101111111111111111111111 111111111111111111111111111011
  out: 111111111111111111100001010110 001101111111111111110011111111 111111111111111111010101101011 010011111111111111100111111111 111111111111111110100011011000 100100000000000000001111111111
  clk: 000000000000000000000000000000 000000000000000000000000000000 000000000000000000000000000000 000000000000000000000000000000 000000000000000000000000000000 000000000000000000000000000000
28620
  in:  000101100111111111111111111111 111111111111111111111111111011 001001001111111111111111111111 111111111111111111111111110110 001011011111111111111111111111 111111111111111111111111101100
  out: 111111111111111100010010110001 100000000000000010011111111111 111111111111111100011001010110 101000000000000000111111111111 111111111111111000100101011010 110000000000000100111111111111
  clk: 000000000000000000000000000000 000000000000000000000000000000 000000000000000000000000000000 000000000000000000000000000000 000000000000000000000000000000 000000000000000000000000000000
29160
  in:  010111011111111111111111111111 111111111111111111111111011000 101111111111111111111111111111 111111111111111111111110110001 010111111111111111111111111111 111111111111111111111101100010
  out: 111111111111110000101011000110 111111111111111001111111111111 111111111111101010110101101001 111111111111110011111111111111 111111111111010001101100010010 000000000000000111111111111111
  clk: 000000000000000000000000000000 000000000000000000000000000000 000000000000000000000000000000 000000000000000000000000000000 000000000000000000000000000000 000000000000000000000000000000
29700
  in:  110011111111111111111111111111 111111111111111111111101100100 101011111111111111111111111111 111111111111111111111011000101 101111111111111111111111111111 111111111111111111110110001011
  out: 111111111110001001011000110000 000000000001001111111111111111 111111111110001001000001010000 000000000000011111111111111111 111111111100010010101101011000 000000000010011111111111111111
  clk: 000000000000000000000000000000 000000000000000000000000000000 000000000000000000000000000000 000000000000000000000000000000 000000000000000000000000000000 000000000000000000000000000000
30240
  in:  101111111111111111111111111111 111111111111111111101100010111 111111111111111111111111111111 111111111111111111011000101011 111111111111111111111111111111 111111111111111110110001011001
  out: 111111111000010101100011011111 111111111100111111111111111111 111111110101011010110100111111 111111111001111111111111111111 111111101000110110001001000000 000000000011111111111111111111
  clk: 000000000000000000000000000000 000000000000000000000000000000 000000000000000000000000000000 000000000000000000000000000000 000000000000000000000000000000 000000000000000000000000000000
30780
  in:  111111111111111111111111111111 111111111111111110110010010111 111111111111111111111111111111 111111111111111101100010110111 111111111111111111111111111111 111111111111111011000101110111
  out: 111111000100101100011000000000 000000100111111111111111111111 111111000000001000010010100000 000100101111111111111111111111 111110001001010110101100000000 000001001111111111111111111111
  clk: 000000000000000000000000000000 000000000000000000000000000000 000000000000000000000000000000 000000000000000000000000000000 000000000000000000000000000000 000000000000000000000000000000
31320
  in:  111111111111111111111111111111 111111111111110110001011111111 111111111111111111111111111111 111111111111101100010101111111 111111111111111111111111111111 111111111111011000101100111111
  out: 111100001010110001101111111111 111110011111111111111111111111 111010101101011010011111111111 111100111111111111111111111111 110100011011000100100000000000 000001111111111111111111111111
  clk: 000000000000000000000000000000 000000000000000000000000000000 000000000000000000000000000000 000000000000000000000000000000 000000000000000000000000000000 000000000000000000000000000000
31860
  in:  111111111111111111111111111111 111111111111011001001100111111 111111111111111111111111111111 111111111110110001011011111111 111111111111111111111111111111 111111111101100010111011111111
  out: 100010010110001100000000000000 010011111111111111111111111111 100011110000001001101001001000 000011111111111111111111111111 000100101011010110000000000000 100111111111111111111111111110
  clk: 000000000000000000000000000000 000000000000000000000000000000 000000000000000000000000000000 000000000000000000000000000000 000000000000000000000000000000 000000000000000000000000000000

32400
  in:  111111111111111111111111111111 111111111011000101111111111111 111111111111111111111111111111 111111110110001010111111111111 111111111111111111111111111111 111111101100010110011111111111
  out: 000101011000110111111111111111 001111111111111111111111111101 010110101101001111111111111110 011111111111111111111111111010 001101100010010000000000000000 111111111111111111111111110001
  clk: 000000000000000000000000000000 000000000000000000000000000000 000000000000000000000000000000 000000000000000000000000000000 000000000000000000000000000000 000000000000000000000000000000
32940
  in:  111111111111111111111111111111 111111101100100110111111111111 111111111111111111111111111111 111111011000101101111111111111 111111111111111111111111111111 111110110001011101111111111111
  out: 001011000110000000000000001001 111111111111111111111111110100 011010010100100000000000110001 111111111111111111111111100010 010101101011000000000000010011 111111111111111111111111000010
  clk: 000000000000000000000000000000 000000000000000000000000000000 000000000000000000000000000000 000000000000000000000000000000 000000000000000000000000000000 000000000000000000000000000000
33480
  in:  111111111111111111111111111111 111101100010111111111111111111 111111111111111111111111111111 111011000101011111111111111111 111111111111111111111111111111 110110001011001111111111111111
  out: 101100011011111111111111100111 111111111111111111111110101011 010110100111111111111111001111 111111111111111111111101000110 110001001000000000000000011111 111111111111111111111000100101
  clk: 000000000000000000000000000000 000000000000000000000000000000 000000000000000000000000000000 000000000000000000000000000000 000000000000000000000000000000 000000000000000000000000000000
34020
  in:  111111111111111111111111111111 110110010011101111111111111111 111111111111111111111111111111 101100010110111111111111111111 111111111111111111111111111111 011000101110111111111111111111
  out: 100011000000000000000100111111 111111111111111111111000110001 001010010000000000000010111111 111111111111111111110001001010 110101100000000000001001111111 111111111111111111100001010110
  clk: 000000000000000000000000000000 000000000000000000000000000000 000000000000000000000000000000 000000000000000000000000000000 000000000000000000000000000000 000000000000000000000000000000
34560
  in:  111111111111111111111111111110 110001011111111111111111111111 111111111111111111111111111101 100010101111111111111111111111 111111111111111111111111111011 000101100111111111111111111111
  out: 001101111111111111110011111111 111111111111111111010101101011 010011111111111111100111111111 111111111111111110100011011000 100100000000000000001111111111 111111111111111100010010110001
  clk: 000000000000000000000000000000 000000000000000000000000000000 000000000000000000000000000000 000000000000000000000000000000 000000000000000000000000000000 000000000000000000000000000000
35100
  in:  111111111111111111111111111011 001001111111111111111111111111 111111111111111111111111110110 001011011111111111111111111111 111111111111111111111111101100 010111011111111111111111111111
  out: 100000000000000010011111111111 111111111111111100101010100100 000111111111111110111111111111 111111111111111000100101011010 110000000000000100111111111111 111111111111110000101011000110
  clk: 000000000000000000000000000000 000000000000000000000000000000 000000000000000000000000000000 000000000000000000000000000000 000000000000000000000000000000 000000000000000000000000000000
35640
  in:  111111111111111111111111011000 101111111111111111111111111111 111111111111111111111110110001 010111111111111111111111111111 111111111111111111111101100010 110011111111111111111111111111
  out: 111111111111111001111111111111 111111111111101010110101101001 111111111111110011111111111111 111111111111010001101100010010 000000000000000111111111111111 111111111110001001011000110000
  clk: 000000000000000000000000000000 000000000000000000000000000000 000000000000000000000000000000 000000000000000000000000000000 000000000000000000000000000000 000000000000000000000000000000
36180
  in:  111111111111111111111101100101 000011111111111111111111111111 111111111111111111111011000101 101111111111111111111111111111 111111111111111111110110001011 101111111111111111111111111111
  out: 000000000001001111111111111111 111111111110001111000000100110 100100100000001111111111111111 111111111100010010101101011000 000000000010011111111111111111 111111111000010101100011011111
  clk: 000000000000000000000000000000 000000000000000000000000000000 000000000000000000000000000000 000000000000000000000000000000 000000000000000000000000000000 000000000000000000000000000000
36720
  in:  111111111111111111101100010111 111111111111111111111111111111 111111111111111111011000101011 111111111111111111111111111111 111111111111111110110001011001 111111111111111111111111111111
  out: 111111111100111111111111111111 111111110101011010110100111111 111111111001111111111111111111 111111101000110110001001000000 000000000011111111111111111111 111111000100101100011000000000
  clk: 000000000000000000000000000000 000000000000000000000000000000 000000000000000000000000000000 000000000000000000000000000000 000000000000000000000000000000 000000000000000000000000000000
37260
  in:  111111111111111110110010100011 111111111111111111111111111111 111111111111111101100010110111 111111111111111111111111111111 111111111111111011000101110111 111111111111111111111111111111
  out: 000000100111111111111111111111 111111010101101101010000000000 000111100111111111111111111111 111110001001010110101100000000 000001001111111111111111111111 111100001010110001101111111111
  clk: 000000000000000000000000000000 000000000000000000000000000000 000000000000000000000000000000 000000000000000000000000000000 000000000000000000000000000000 000000000000000000000000000000

37800
  in:  111111111111110110001011111111 111111111111111111111111111111 111111111111101100010101111111 111111111111111111111111111111 111111111111011000101100111111 111111111111111111111111111111
  out: 111110011111111111111111111111 111010101101011010011111111111 111100111111111111111111111111 110100011011000100100000000000 000001111111111111111111111111 100010010110001100000000000000
  clk: 000000000000000000000000000000 000000000000000000000000000000 000000000000000000000000000000 000000000000000000000000000000 000000000000000000000000000000 000000000000000000000000000000
38340
  in:  111111111111011001010010111111 111111111111111111111111111111 111111111110110001011011111111 111111111111111111111111111111 111111111101100010111011111111 111111111111111111111111111111
  out: 010011111111111111111111111111 100011110000001100101001000110 000011111111111111111111111111 000100101011010110000000000000 100111111111111111111111111110 000101011000110111111111111111
  clk: 000000000000000000000000000000 000000000000000000000000000000 000000000000000000000000000000 000000000000000000000000000000 000000000000000000000000000000 000000000000000000000000000000
38880
  in:  111111111011000101111111111111 111111111111111111111111111111 111111110110001010111111111111 111111111111111111111111111111 111111101100010110011111111111 111111111111111111111111111111
  out: 001111111111111111111111111101 010110101101001111111111111110 011111111111111111111111111010 001101100010010000000000000000 111111111111111111111111110001 001011000110000000000000001001
  clk: 000000000000000000000000000000 000000000000000000000000000000 000000000000000000000000000000 000000000000000000000000000000 000000000000000000000000000000 000000000000000000000000000000
39420
  in:  111111101100101001111111111111 111111111111111111111111111111 111111011000101101111111111111 111111111111111111111111111111 111110110001011101111111111111 111111111111111111111111111111
  out: 111111111111111111111111110001 001000000100000000000111111111 111111111111111111111111100010 010101101011000000000000010011 111111111111111111111111000010 101100011011111111111111100111
  clk: 000000000000000000000000000000 000000000000000000000000000000 000000000000000000000000000000 000000000000000000000000000000 000000000000000000000000000000 000000000000000000000000000000
39960
  in:  111101100010111111111111111111 111111111111111111111111111111 111011000101011111111111111111 111111111111111111111111111111 110110001011001111111111111111 111111111111111111111111111111
  out: 111111111111111111111110101011 010110100111111111111111001111 111111111111111111111101000110 110001001000000000000000011111 111111111111111111111000100101 100011000000000000000100111111
  clk: 000000000000000000000000000000 000000000000000000000000000000 000000000000000000000000000000 000000000000000000000000000000 000000000000000000000000000000 000000000000000000000000000000
40500
  in:  110110010101001111111111111111 111111111111111111111111111111 101100010110111111111111111111 111111111111111111111111111111 011000101110111111111111111111 111111111111111111111111111110
  out: 111111111111111111111010101101 100010000000000000010100111111 111111111111111111110001001010 110101100000000000001001111111 111111111111111111100001010110 001101111111111111110011111111
  clk: 000000000000000000000000000000 000000000000000000000000000000 000000000000000000000000000000 000000000000000000000000000000 000000000000000000000000000000 000000000000000000000000000000
41040
  in:  110001011111111111111111111111 111111111111111111111111111101 100010101111111111111111111111 111111111111111111111111111011 000101100111111111111111111111 111111111111111111111111111011
  out: 111111111111111111010101101011 010011111111111111100111111111 111111111111111110100011011000 100100000000000000001111111111 111111111111111100010010110001 100000000000000010011111111111
  clk: 000000000000000000000000000000 000000000000000000000000000000 000000000000000000000000000000 000000000000000000000000000000 000000000000000000000000000000 000000000000000000000000000000
41580
  in:  001010101111111111111111111111 111111111111111111111111110110 001011011111111111111111111111 111111111111111111111111101100 010111011111111111111111111111 111111111111111111111111011000
  out: 111111111111111101010110110001 000000000000001100011111111111 111111111111111000100101011010 110000000000000100111111111111 111111111111110000101011000110 111111111111111001111111111111
  clk: 000000000000000000000000000000 000000000000000000000000000000 000000000000000000000000000000 000000000000000000000000000000 000000000000000000000000000000 000000000000000000000000000000
42120
  in:  101111111111111111111111111111 111111111111111111111110110001 010111111111111111111111111111 111111111111111111111101100010 110011111111111111111111111111 111111111111111111111101100101
  out: 111111111111101010110101101001 111111111111110011111111111111 111111111111010001101100010010 000000000000000111111111111111 111111111110001001011000110000 000000000001001111111111111111
  clk: 000000000000000000000000000000 000000000000000000000000000000 000000000000000000000000000000 000000000000000000000000000000 000000000000000000000000000000 000000000000000000000000000000
42660
  in:  011011111111111111111111111111 111111111111111111111011000101 101111111111111111111111111111 111111111111111111110110001011 101111111111111111111111111111 111111111111111111101100010111
  out: 111111111110001001000000100000 000000000011111111111111111111 111111111100010010101101011000 000000000010011111111111111111 111111111000010101100011011111 111111111100111111111111111111
  clk: 000000000000000000000000000000 000000000000000000000000000000 000000000000000000000000000000 000000000000000000000000000000 000000000000000000000000000000 000000000000000000000000000000

43200
  in:  111111111111111111111111111111 111111111111111111011000101011 111111111111111111111111111111 111111111111111110110001011001 111111111111111111111111111111 111111111111111110110010101111
  out: 111111110101011010110100111111 111111111001111111111111111111 111111101000110110001001000000 000000000011111111111111111111 111111000100101100011000000000 000000100111111111111111111111
  clk: 000000000000000000000000000000 000000000000000000000000000000 000000000000000000000000000000 000000000000000000000000000000 000000000000000000000000000000 000000000000000000000000000000
43740
  in:  111111111111111111111111111111 111111111111111101100010110111 111111111111111111111111111111 111111111111111011000101110111 111111111111111111111111111111 111111111111110110001011111111
  out: 111111010101101100010000000000 000011100111111111111111111111 111110001001010110101100000000 000001001111111111111111111111 111100001010110001101111111111 111110011111111111111111111111
  clk: 000000000000000000000000000000 000000000000000000000000000000 000000000000000000000000000000 000000000000000000000000000000 000000000000000000000000000000 000000000000000000000000000000
44280
  in:  111111111111111111111111111111 111111111111101100010101111111 111111111111111111111111111111 111111111111011000101100111111 111111111111111111111111111111 111111111111011001011000111111
  out: 111010101101011010011111111111 111100111111111111111111111111 110100011011000100100000000000 000001111111111111111111111111 100010010110001100000000000000 010011111111111111111111111111
  clk: 000000000000000000000000000000 000000000000000000000000000000 000000000000000000000000000000 000000000000000000000000000000 000000000000000000000000000000 000000000000000000000000000000
44820
  in:  111111111111111111111111111111 111111111110110001011011111111 111111111111111111111111111111 111111111101100010111011111111 111111111111111111111111111111 111111111011000101111111111111
  out: 100010010000001000000000000000 001111111111111111111111111111 000100101011010110000000000000 100111111111111111111111111110 000101011000110111111111111111 001111111111111111111111111101
  clk: 000000000000000000000000000000 000000000000000000000000000000 000000000000000000000000000000 000000000000000000000000000000 000000000000000000000000000000 000000000000000000000000000000
45360
  in:  111111111111111111111111111111 111111110110001010111111111111 111111111111111111111111111111 111111101100010110011111111111 111111111111111111111111111111 111111101100101100111111111111
  out: 010110101101001111111111111110 011111111111111111111111111010 001101100010010000000000000000 111111111111111111111111110001 001011000110000000000000001001 111111111111111111111111110101
  clk: 000000000000000000000000000000 000000000000000000000000000000 000000000000000000000000000000 000000000000000000000000000000 000000000000000000000000000000 000000000000000000000000000000
45900
  in:  111111111111111111111111111111 111111011000101101111111111111 111111111111111111111111111111 111110110001011101111111111111 111111111111111111111111111111 111101100010111111111111111111
  out: 011011000100000000000001000001 111111111111111111111111100010 010101101011000000000000010011 111111111111111111111111000010 101100011011111111111111100111 111111111111111111111110101011
  clk: 000000000000000000000000000000 000000000000000000000000000000 000000000000000000000000000000 000000000000000000000000000000 000000000000000000000000000000 000000000000000000000000000000
46440
  in:  111111111111111111111111111111 111011000101011111111111111111 111111111111111111111111111111 110110001011001111111111111111 111111111111111111111111111111 110110010110101111111111111111
  out: 010110100111111111111111001111 111111111111111111111101000110 110001001000000000000000011111 111111111111111111111000100101 100011000000000000000100111111 111111111111111111111010001101
  clk: 000000000000000000000000000000 000000000000000000000000000000 000000000000000000000000000000 000000000000000000000000000000 000000000000000000000000000000 000000000000000000000000000000
46980
  in:  111111111111111111111111111111 101100010110111111111111111111 111111111111111111111111111111 011000101110111111111111111111 111111111111111111111111111110 110001011111111111111111111111
  out: 011010010000000000000000111111 111111111111111111110001001010 110101100000000000001001111111 111111111111111111100001010110 001101111111111111110011111111 111111111111111111010101101011
  clk: 000000000000000000000000000000 000000000000000000000000000000 000000000000000000000000000000 000000000000000000000000000000 000000000000000000000000000000 000000000000000000000000000000
47520
  in:  111111111111111111111111111101 100010101111111111111111111111 111111111111111111111111111011 000101100111111111111111111111 111111111111111111111111111011 001011011111111111111111111111
  out: 010011111111111111100111111111 111111111111111110100011011000 100100000000000000001111111111 111111111111111100010010110001 100000000000000010011111111111 111111111111111100011110000001
  clk: 000000000000000000000000000000 000000000000000000000000000000 000000000000000000000000000000 000000000000000000000000000000 000000000000000000000000000000 000000000000000000000000000000
48060
  in:  111111111111111111111111110110 001011011111111111111111111111 111111111111111111111111101100 010111011111111111111111111111 111111111111111111111111011000 101111111111111111111111111111
  out: 101101001000001000011111111111 111111111111111000100101011010 110000000000000100111111111111 111111111111110000101011000110 111111111111111001111111111111 111111111111101010110101101001
  clk: 000000000000000000000000000000 000000000000000000000000000000 000000000000000000000000000000 000000000000000000000000000000 000000000000000000000000000000 000000000000000000000000000000

48600
  in:  111111111111111111111110110001 010111111111111111111111111111 111111111111111111111101100010 110011111111111111111111111111 111111111111111111111101100101 110011111111111111111111111111
  out: 111111111111110011111111111111 111111111111010001101100010010 000000000000000111111111111111 111111111110001001011000110000 000000000001001111111111111111 111111111110001001011000110000
  clk: 000000000000000000000000000000 000000000000000000000000000000 000000000000000000000000000000 000000000000000000000000000000 000000000000000000000000000000 000000000000000000000000000000
49140
  in:  111111111111111111111011000101 101111111111111111111111111111 111111111111111111110110001011 101111111111111111111111111111 111111111111111111101100010111 111111111111111111111111111111
  out: 000000000000001111111111111111 111111111100010010101101011000 000000000010011111111111111111 111111111000010101100011011111 111111111100111111111111111111 111111110101011010110100111111
  clk: 000000000000000000000000000000 000000000000000000000000000000 000000000000000000000000000000 000000000000000000000000000000 000000000000000000000000000000 000000000000000000000000000000
49680
  in:  111111111111111111011000101011 111111111111111111111111111111 111111111111111110110001011001 111111111111111111111111111111 111111111111111110110010111011 111111111111111111111111111111
  out: 111111111001111111111111111111 111111101000110110001001000000 000000000011111111111111111111 111111000100101100011000000000 000000100111111111111111111111 111111000110001001010000000000
  clk: 000000000000000000000000000000 000000000000000000000000000000 000000000000000000000000000000 000000000000000000000000000000 000000000000000000000000000000 000000000000000000000000000000
50220
  in:  111111111111111101100010110111 111111111111111111111111111111 111111111111111011000101110111 111111111111111111111111111111 111111111111110110001011111111 111111111111111111111111111111
  out: 011111111111111111111111111111 111110001001010110101100000000 000001001111111111111111111111 111100001010110001101111111111 111110011111111111111111111111 111010101101011010011111111111
  clk: 000000000000000000000000000000 000000000000000000000000000000 000000000000000000000000000000 000000000000000000000000000000 000000000000000000000000000000 000000000000000000000000000000
50760
  in:  111111111111101100010101111111 111111111111111111111111111111 111111111111011000101100111111 111111111111111111111111111111 111111111111011001011110111111 111111111111111111111111111111
  out: 111100111111111111111111111111 110100011011000100100000000000 000001111111111111111111111111 100010010110001100000000000000 010011111111111111111111111111 101010110110001000000000000001
  clk: 000000000000000000000000000000 000000000000000000000000000000 000000000000000000000000000000 000000000000000000000000000000 000000000000000000000000000000 000000000000000000000000000000
51300
  in:  111111111110110001011011111111 111111111111111111111111111111 111111111101100010111011111111 111111111111111111111111111111 111111111011000101111111111111 111111111111111111111111111111
  out: 010011111111111111111111111111 000100101011010110000000000000 100111111111111111111111111110 000101011000110111111111111111 001111111111111111111111111101 010110101101001111111111111110
  clk: 000000000000000000000000000000 000000000000000000000000000000 000000000000000000000000000000 000000000000000000000000000000 000000000000000000000000000000 000000000000000000000000000000
51840
  in:  111111110110001010111111111111 111111111111111111111111111111 111111101100010110011111111111 111111111111111111111111111111 111111101100101111111111111111 111111111111111111111111111111
  out: 011111111111111111111111111010 001101100010010000000000000000 111111111111111111111111110001 001011000110000000000000001001 111111111111111111111111110000 000000000100101000010000000101
  clk: 000000000000000000000000000000 000000000000000000000000000000 000000000000000000000000000000 000000000000000000000000000000 000000000000000000000000000000 000000000000000000000000000000
52380
  in:  111111011000101101111111111111 111111111111111111111111111111 111110110001011101111111111111 111111111111111111111111111111 111101100010111111111111111111 111111111111111111111111111111
  out: 111111111111111111111111100010 010101101011000000000000010011 111111111111111111111111000010 101100011011111111111111100111 111111111111111111111110101011 010110100111111111111111001111
  clk: 000000000000000000000000000000 000000000000000000000000000000 000000000000000000000000000000 000000000000000000000000000000 000000000000000000000000000000 000000000000000000000000000000
52920
  in:  111011000101011111111111111111 111111111111111111111111111111 110110001011001111111111111111 111111111111111111111111111111 110110011000001111111111111111 111111111111111111111111111111
  out: 111111111111111111111101000110 110001001000000000000000011111 111111111111111111111000100101 100011000000000000000100111111 111111111111111111111010101101 100010000000000000011000111111
  clk: 000000000000000000000000000000 000000000000000000000000000000 000000000000000000000000000000 000000000000000000000000000000 000000000000000000000000000000 000000000000000000000000000000
53460
  in:  101100010110111111111111111111 111111111111111111111111111111 011000101110111111111111111111 111111111111111111111111111110 110001011111111111111111111111 111111111111111111111111111101
  out: 111111111111111111110001001010 110101100000000000001001111111 111111111111111111100001010110 001101111111111111110011111111 111111111111111111010101101011 010011111111111111100111111111
  clk: 000000000000000000000000000000 000000000000000000000000000000 000000000000000000000000000000 000000000000000000000000000000 000000000000000000000000000000 000000000000000000000000000000

54000
  in:  100010101111111111111111111111 111111111111111111111111111011 000101100111111111111111111111 111111111111111111111111111011 001100001111111111111111111111 111111111111111111111111110110
  out: 111111111111111110100011011000 100100000000000000001111111111 111111111111111100010010110001 100000000000000010011111111111 111111111111111100000000000001 001010001000000001011111111111
  clk: 000000000000000000000000000000 000000000000000000000000000000 000000000000000000000000000000 000000000000000000000000000000 000000000000000000000000000000 000000000000000000000000000000
54540
  in:  001011011111111111111111111111 111111111111111111111111101100 010111011111111111111111111111 111111111111111111111111011000 101111111111111111111111111111 111111111111111111111110110001
  out: 111111111111111000100101011010 110000000000000100111111111111 111111111111110000101011000110 111111111111111001111111111111 111111111111101010110101101001 111111111111110011111111111111
  clk: 000000000000000000000000000000 000000000000000000000000000000 000000000000000000000000000000 000000000000000000000000000000 000000000000000000000000000000 000000000000000000000000000000
55080
  in:  010111111111111111111111111111 111111111111111111111101100010 110011111111111111111111111111 111111111111111111111101100110 001011111111111111111111111111 111111111111111111111011000101
  out: 111111111111010001101100010010 000000000000000111111111111111 111111111110001001011000110000 000000000001001111111111111111 111111111110101011011000100000 000000000111001111111111111111
  clk: 000000000000000000000000000000 000000000000000000000000000000 000000000000000000000000000000 000000000000000000000000000000 000000000000000000000000000000 000000000000000000000000000000
55620
  in:  101111111111111111111111111111 111111111111111111110110001011 101111111111111111111111111111 111111111111111111101100010111 111111111111111111111111111111 111111111111111111011000101011
  out: 111111111100010010101101011000 000000000010011111111111111111 111111111000010101100011011111 111111111100111111111111111111 111111110101011010110100111111 111111111001111111111111111111
  clk: 000000000000000000000000000000 000000000000000000000000000000 000000000000000000000000000000 000000000000000000000000000000 000000000000000000000000000000 000000000000000000000000000000
56160
  in:  111111111111111111111111111111 111111111111111110110001011001 111111111111111111111111111111 111111111111111110110011000111 111111111111111111111111111111 111111111111111101100010110111
  out: 111111101000110110001001000000 000000000011111111111111111111 111111000100101100011000000000 000000100111111111111111111111 111111000000000000010010100010 100000010111111111111111111111
  clk: 000000000000000000000000000000 000000000000000000000000000000 000000000000000000000000000000 000000000000000000000000000000 000000000000000000000000000000 000000000000000000000000000000
56700
  in:  111111111111111111111111111111 111111111111111011000101110111 111111111111111111111111111111 111111111111110110001011111111 111111111111111111111111111111 111111111111101100010101111111
  out: 111110001001010110101100000000 000001001111111111111111111111 111100001010110001101111111111 111110011111111111111111111111 111010101101011010011111111111 111100111111111111111111111111
  clk: 000000000000000000000000000000 000000000000000000000000000000 000000000000000000000000000000 000000000000000000000000000000 000000000000000000000000000000 000000000000000000000000000000
57240
  in:  111111111111111111111111111111 111111111111011000101100111111 111111111111111111111111111111 111111111111011001100100111111
  out: 110100011011000100100000000000 000001111111111111111111111111 100010010110001100000000000000 010011111111111111111111111111
  clk: 000000000000000000000000000000 000000000000000000000000000000 000000000000000000000000000000 000000000000000000000000000000